[GRAPH][v1,(-4,-1,5),(178,34,34)]
[GRAPH][v2,(-4,-2,4),(178,34,34)]
[GRAPH][v3,(-4,-1,3),(178,34,34)]
[GRAPH][v4,(-5,-1,4),(178,34,34)]
[GRAPH][v5,(-4,-1,4),(178,34,34)]
[GRAPH][v6,(-3,-1,4),(178,34,34)]
[GRAPH][v7,(-4,0,4),(178,34,34)]
[LINK][l1,(-4,0,4),(-3,-1,4)]
[LINK][l2,(-4,0,4),(-5,-1,4)]
[LINK][l3,(-5,-1,4),(-4,-1,3)]
[LINK][l4,(-5,-1,4),(-4,-1,5)]
[LINK][l5,(-4,-1,3),(-4,-2,4)]
[LINK][l6,(-4,-2,4),(-4,-1,4)]
[GRAPH][v8,(-5,2,4),(65,105,225)]
[GRAPH][v9,(-4,2,4),(65,105,225)]
[GRAPH][v10,(-3,2,4),(65,105,225)]
[LINK][l7,(-5,2,4),(-4,3,4)]
[LINK][l8,(-4,2,4),(-4,3,4)]
[LINK][l9,(-3,2,4),(-4,3,4)]
END